90
94
99
103
110
149
154
155
161
164
167
168
173
194
197
199
239
270
272
281
290
296
376
423
430
435
448
460
480
508
516
519
525
535
594
596
597
598
599
612
615
620
623
625
626
627
632
641
644
677
683
689
695
703
704
712
719
720
722
723
725
732
733
738
739
742
772
784
865
1001
1029
1043
1054
1056
1151
1156
1191
1202
1218
1219
1223
1227
1251
1256
1266
1272
1291
1292
1321
1325
1348
1361
1367
1369
1372
1373
1374
1375
1385
1388
1399
1418
1422
1424
1425
1426
1436
1511
1512
1514
1520
1523
1525
1589
1596
1598
1622
1712
1749
1760
1767
1796
1808
1813
1815
1817
1819
1825
1827
1828
1829
1841
1886
1889
1894
1895
1897
1901
1902
1908
1917
1919
1951
1976
1982
1992
1998
1999
2002
2015
2019
2020
2023
2062
2067
2068
2101
2105
2116
2129
2176
2177
2178
2179
2180
2182
2183
2184
2186
2187
2188
2189
2190
2191
2192
2193
2194
2231
2233
2236
2238
2239
2323
2344
2346
2348
2353
2354
2356
2358
2369
2372
2373
2382
2393
2396
2397
2399
2400
2403
2404
2406
2408
2409
2410
2418
2420
2438
2447
2449
2473
2496
2508
2530
2540
2541
2549
2550
2551
2555
2556
2567
2578
2580
2582
2590
2592
2594
2596
2597
2598
2599
2601
2603
2606
2620
2622
2623
2625
2626
2653
2670
2683
2685
2708
2709
2837
2878
2890
2898
2921
2955
2968
2970
2977
2978
2983
3000
3001
3002
3007
3008
3013
3022
3041
3098
3100
3102
3105
3108
3109
3116
3118
3131
3141
3143
3154
3155
3194
3226
3247
3248
3251
3254
3255
3256
3264
3265
3267
3268
3288
3289
3290
3304
3319
3322
3327
3328
3332
3339
3350
3353
3355
3356
3361
3363
3364
3368
3384
3389
3390
3392
3393
3403
3407
3409
3415
3416
3417
3418
3423
3429
3443
3444
3445
3449
3455
3477
3478
3489
3498
3500
3521
3523
3541
3551
3554
3616
3626
3628
3634
3637
3638
3639
3640
3642
3648
3690
3706
3714
3743
3752
3755
3816
3820
3827
3829
3920
3925
3966
3992
3995
4018
4021
4024
4025
4040
4053
4077
4083
4089
4094
4099
4103
4109
4110
4118
4124
4125
4126
4127
4132
4134
4135
4136
4141
4166
4169
4170
4171
4177
4179
4182
4256
4271
4278
4301
4316
4319
4325
4327
4328
4331
4333
4337
4356
4381
4385
4388
4419
4440
4441
4444
4448
4450
4451
4452
4453
4457
4458
4459
4460
4461
4462
4463
4464
4465
4488
4491
4492
4493
4494
4495
4496
4497
4500
4501
4502
4507
4508
4511
4530
4537
4550
4556
4582
4601
4603
4608
4637
4638
4639
4648
4678
4719
4792
4793
4815
4816
4821
4832
4845
4850
4885
4888
4903
4910
4917
4919
4952
4955
4980
4981
5011
5021
5033
5036
5084
5093
5095
5164
5175
5224
5296
5301
5302
5303
5307
5333
5470
5487
5489
5492
5495
5499
5514
5521
5531
5542
5552
5553
5556
5640
5650
5657
5690
5691
5764
5781
5784
5833
5879
5880
5882
5891
5936
5956
5966
5970
5975
5979
5981
5992
6011
6023
6026
6027
6038
6048
6054
6057
6058
6064
6066
6069
6084
6095
6099
6102
6130
6131
6135
6142
6146
6185
6218
6313
6370
6371
6373
6375
6377
6378
6384
6387
6390
6398
6417
6446
6464
6465
6466
6468
6470
6472
6475
6513
6529
6531
6572
6574
6579
6581
6582
6585
6606
6628
6646
6664
6672
6673
6674
6676
6678
6680
6686
6690
6693
6694
6696
6711
6718
6719
6728
6750
6754
6755
6756
6757
6758
6759
6760
6761
6765
6774
6779
6781
6782
6805
6809
6812
6813
6814
6816
6821
6822
6823
6825
6826
6832
6833
6834
6835
6837
6845
6847
6851
6852
6853
6854
6857
6860
6873
6876
6878
6883
6901
6902
6904
6910
6911
6915
6916
6918
6922
6923
6926
6927
6929
6932
6960
6963
6964
6972
6980
6984
6985
6995
6996
7004
7005
7019
7023
7052
7069
7145
7213
7226
7233
7236
7238
7240
7242
7243
7244
7247
7258
7268
7285
7299
7315
7337
7393
7394
7396
7398
7402
7407
7414
7417
7418
7419
7426
7435
7440
7441
7442
7454
7476
7486
7500
7512
7514
7515
7517
7518
7519
7531
7533
7538
7595
7597
7617
7623
7624
7629
7646
7674
7676
7688
7701
7703
7715
7762
7773
7778
7779
7781
7798
7801
7804
7805
7812
7813
7814
7815
7816
7818
7821
7824
7832
7833
7839
7880
7883
7891
7895
7909
7910
7930
7934
7960
7973
7974
7975
7980
7983
7984
7992
7993
7994
8001
8004
8011
8013
8042
8047
8050
8076
8080
8113
8119
8120
8123
8129
8130
8132
8133
8134
8136
8143
8149
8150
8152
8153
8156
8160
8163
8175
8183
8259
8299
8308
8328
8331
8332
8337
8339
8340
8345
8347
8348
8351
8352
8353
8354
8356
8372
8373
8410
8514
8516
8536
8565
8588
8591
8597
8620
8622
8627
8628
8629
8637
8638
8640
8673
8674
8686
8687
8691
8698
8699
8700
8701
8702
8703
8704
8718
8727
8742
8744
8745
8754
8758
8761
8766
8770
8782
8785
8787
8792
8794
8795
8814
8871
8886
8896
8928
8984
8987
9000
9009
9010
9060
9061
9066
9068
9071
9133
9143
9259
9260
9344
9346
9384
9386
9388
9392
9462
9478
9500
9504
9518
9524
9525
9556
9601
9603
9624
9627
9639
9641
9644
9724
9793
9800
9806
9863
9873
9899
9939
9945
9947
9949
9991
9997
10032
10106
10109
10114
10154
10156
10167
10168
10169
10171
10172
10173
10174
10175
10176
10178
10179
10180
10181
10183
10184
10188
10193
10205
10206
10207
10237
10239
10240
10255
10256
10288
10318
10322
10323
10324
10355
10362
10368
10378
10379
10382
10390
10391
10395
10402
10432
10437
10438
10450
10454
10463
10464
10471
10472
10473
10485
10493
10498
10502
10510
10553
10561
10579
10580
10582
10588
10591
10594
10597
10600
10612
10627
10633
10634
10635
10636
10639
10689
10691
10734
10735
10737
10753
10759
10763
10767
10772
10798
10800
10803
10804
10805
10811
10814
10819
10824
10825
10826
10827
10828
10829
10834
10844
10847
10849
10864
10865
10869
10890
10898
10917
10958
10962
10968
10995
10996
11055
11065
11118
11124
11149
11170
11194
11196
11198
11201
11202
11204
11246
11248
11253
11256
11258
11289
11363
11371
11413
11416
11423
11454
11473
11476
11516
11636
11645
12062
12449
12473
12488
12574
13369
13982
14448
14584
14845
14851
14852
14982
15070
15202
15226
15657
15842
15996
16521
16681
16689
16695
16728
16735
16817
16818
17073
17128
17145
17300
17311
17354
17381
17387
17392
17393
17610
17614
17618
17621
17627
17652
17698
17763
17767
17933
17939
17945
18330
18343
18346
18451
18469
18475
18600
18602
18603
18609
18631
18651
18687
18747
18751
18752
18753
18846
18867
18880
18889
18989
18993
18994
18997
19008
19041
19079
19084
19143
19257
19295
19338
19475
19476
19477
19478
19484
19499
19552
19605
19610
19666
19685
19727
19737
19759
19768
19777
19790
19831
19832
19836
19847
19850
19860
19861
19874
19882
19895
19928
19959
20063
20136
20178
20220
20259
20343
20352
20473
20481
20482
20485
20486
20489
20492
20498
20609
20610
20615
20769
20859
20861
20875
20877
20881
20890
20974
20976
21009
21099
21102
21107
21125
21149
21183
21212
21216
21224
21232
21241
21245
21249
21254
21272
21285
21311
21406
21651
21655
21660
21877
21914
21949
22033
22037
22054
22293
22298
22299
22380
22396
22483
22537
22656
22672
22690
22696
22697
22701
22713
22759
22892
22906
22968
23024
23043
23066
23088
23163
23321
23370
23386
23410
23420
23437
23638
23651
23683
23684
23687
23744
23796
24192
24395
24441
24468
24506
24524
24591
24605
24608
24609
24698
24807
24812
24830
24840
24852
24853
24856
24860
24867
24897
24902
24909
24913
24940
24941
24942
24946
24947
25025
25033
25037
25086
25089
25096
25112
25120
25121
25138
25193
25194
25255
25357
25437
25480
25483
25486
25544
25605
25696
25734
25789
25793
25806
25916
26051
26143
26225
26237
26296
26344
26397
26412
26416
26422
26744
26797
26826
26867
27084
27085
27100
27130
27169
27196
27197
27199
27220
27221
27340
27392
27403
27438
27492
27518
27604
27712
27729
27781
27792
27793
27863
27929
27946
28004
28012
28031
28144
28181
28198
28303
28382
28395
28439
28627
28656
28863
28872
28876
28889
28894
28908
28981
29046
29151
29155
29164
29170
29275
29365
29410
29411
29418
29434
29439
29444
29451
29495
29518
29523
29528
29561
29629
29648
29682
29704
29787
29899
29950
29961
29996
30005
30009
30031
30077
30121
30125
30131
30145
30202
30225
30227
30257
31005
31435
31447
31448
31479
31494
31495
31555
31563
31565
31722
31748
31765
31805
31901
31914
31930
31958
31984
31988
31994
32009
32311
32385
32592
32613
32624
32634
32638
32645
32649
32673
32675
32698
32894
32915
32926
32937
32950
32968
33086
33094
33199
33212
33253
33272
33277
33283
33290
33309
33332
33431
33562
33632
33712
33717
33724
33738
33739
33742
33743
33764
33767
33770
33910
33926
34120
34132
34296
34300
34311
34316
34318
34322
34323
34345
34347
34369
34372
34374
34479
34530
34568
34625
34644
34649
34693
34710
34769
34905
34906
35100
35185
35208
35242
35255
35296
35302
35350
35373
35382
35465
35616
35617
35619
35623
35636
35780
35797
35803
35827
35829
36108
36117
36118
36344
36387
36437
36453
36514
36567
36676
36679
36709
36721
36908
37175
37255
37289
37319
37328
37416
37418
37546
37617
37744
37771
37775
37776
37790
37798
37801
37815
37840
37855
37858
37859
37864
37925
37935
37985
38085
38133
38136
38221
38252
38253
38260
38278
38298
38323
38365
38377
38382
38400
38404
38409
38413
38453
38454
38508
38555
38610
38617
38623
38655
38668
38685
38782
38810
38865
38866
38876
38893
38967
39230
39385
39468
39541
39625
39626
39684
39786
39801
39841
39879
39937
39954
39990
39993
39994
39998
40001
40003
40028
40048
40114
40138
40169
40254
40450
40575
40595
40790
41126
41127
41144
41157
41208
41277
41289
41493
41996
42316
42319
42322
42328
42330
42331
42333
42347
42351
42355
42359
42368
42372
42375
42405
42463
42588
42612
42618
42625
42627
42635
42682
42736
42781
42837
42954
42955
43611
44151
44157
44281
45938
46041
46241
46303
46795
46967
47111
47579
47589
47613
47618
47622
47624
47858
48203
48212
48937
49247
49276
49626
49737
50097
50121
50138
50166
50610
50675
50749
50975
51253
51272
51296
51428
51486
51499
52016
52071
52105
52175
52356
52358
52364
52582
52769
53654
53692
53694
53744
53750
54236
54552
54828
54987
54989
54993
55018
55019
55175
55244
55672
55679
55681
55685
56092
56443
56466
56501
56524
56570
56795
56946
57021
57048
57230
57257
57258
57308
57330
57954
58295
58300
58301
58939
59064
59078
59087
59094
59161
59308
59636
59639
59743
59744
59763
59768
59839
59860
59943
60207
60212
60223
60245
60307
60548
60661
60819
60842
61148
61381
61455
61609
61686
62130
62136
62174
62349
62356
62400
62427
66869
66887
66958
67031
67108
67109
68091
68092
68099
68115
68139
68149
68244
68442
68446
68503
68905
69036
69120
69256
69528
69634
69646
69722
69749
70161
70167
70223
70561
70602
71535
72143
72236
72257
72258
72302
72435
72610
72625
72901
72937
72962
72965
73032
73044
73056
73107
73137
73178
73455
73494
73645
73689
73710
74667
74670
74671
75207
75635
75806
75917
75960
75961
76469
76887
76895
77492
77655
77754
78484
78902
78903
78904
80726
81647
81864
81948
81971
82003
82088
82089
82122
82819
83008
83171
83213
83367
83395
83515
83682
83719
83816
83818
83885
83929
83947
84108
84857
85248
85762
86009
87636
87866
88014
88249
89013
89552
89778
89781
89782
89784
89785
89795
89810
89811
89812
89818
89886
89903
90176
91077
91101
91170
91171
91178
91189
91275
91311
91535
91601
91603
102846
102848
103468
104100
104129
104466
104486
105673
105694
105695
107044
107770
107771
108074
108088
108091
108118
113608
114052
114176
114289
114477
114934
114970
114979
115243
115264
115265
115552
115698
117055
117466
118886
119565
119771
120608
121191
121243
132871
132889
134527
134547
134568
134615
134748
135056
135091
135391
135447
135481
135775
136198
136300
136411
137732
138099
139233
139462
139778
139825
139896
139953
140108
140502
140587
141366
141400
141626
141704
142131
142407
142433
144450
152610
153970
155046
155067
155080
155122
159151
161203
163406
163426
163524
180806
183379
183877
187832
190353
190376
190521
190548
191831
194000
194279
194337
194881
195085
195088
196102
196239
196319
202912
203083
203206
203212
203219
214342
214354
214468
214470
214549
214555
214582
214688
214824
215799
216449
219860
220893
220982
221050
221058
221062
221074
221099
221109
221138
221147
221166
221456
221946
223779
224905
227239
227312
227518
228041
228476
228656
228783
228790
229367
229369
231049
232158
232539
233272
233603
233698
234416
235379
235408
235412
235479
235481
235496
235559
235600
235788
235829
235991
236083
236174
236200
236209
236381
236388
236594
236650
236665
236719
236770
236778
236809
236872
236911
236987
237005
237027
237057
237099
237159
237162
253149
253166
253182
253204
253210
253337
253453
258326
258333
258439
258494
259265
259280
259346
259351
259453
259470
259471
260038
260101
261435
261716
262100
262150
262307
262323
263010
263034
265323
266604
267366
267453
274332
274403
274771
274783
274786
274964
275635
275891
276237
278567
278739
279645
279950
280611
282357
282388
282446
283678
283742
283753
283809
283810
283821
283838
291204
298665
298869
299635
300195
301542
302285
302379
304962
306266
306674
307296
314504
314636
314684
314718
314784
314797
314838
314845
314875
317246
317836
317841
318341
319864
321064
321208
321952
321988
322165
322167
324003
324072
325514
325526
325642
325646
325887
326374
327361
328134
333848
337068
337523
337525
338036
338817
341018
341248
342369
343047
343048
349753
349908
350374
352372
352374
352385
353106
353110
353497
354770
356887
356988
357977
358255
358257
358258
358262
358263
358274
384455
386938
400008
402899
405416
407990
446248
460132
461016
473298
473387
473837
474128
475230
475342
475968
475969
476818
477631
480167
480639
484348
485576
485853
486164
486961
491498
495881
498509
539399
578285
578350
588003
588250
591622
591781
592464
593411
594119
595060
596205
596554
596723
596724
606396
612865
612937
613391
614373
614391
616739
618365
618371
618970
619693
620216
623033
623400
631657
640062
641465
642274
657797
662019
662281
676679
679314
684879
692620
700810
705022
709271
711942
712566
714438
719872
720825
723868
729596
733003
734064
746741
753340
762595
762817
763450
784649
787390
797195
797752
798304
798306
798372
802624
804179
804187
805452
807219
809864
816249
816346
819300
819911
826070
826072
828682
830457
830464
835827
847083
847728
851898
851906
851994
852136
852197
852225
852329
852343
852514
852605
852659
852673
852697
852834
853491
857974
860168
860178
860189
861634
863035
877015
877510
894750
897018
898404
898492
899414
899424
968170
968804
974779
977863
991743
993449
995505
995897
996051
997261
1000082
1000104
1000112
1000146
1000492
1000581
1005911
1005921
1006469
1006506
1006619
1011650
1012892
1014340
1014731
1014774
1025342
1037042
1040004
1040005
1040028
1043181
1044269
1044584
1045453
1046243
1085787
1086769
1091605
1091642
1091643
1091836
1091919
1092437
1094116
1094833
1098232
1098413
1098455
1099660
1099933
1099937
1100072
1100699
1101333
1102129
1102188
1102261
1102270
1111103
1112973
1112990
1113697
1114112
1114195
1114326
1114345
1116632
1147220
1147320
1148138
1148495
1193326
1232150
1236136
1242127
1242987
1242999
1243041
1244607
1248798
1250203
1291301
1292422
1293254
1294580
1294617
1297882
1298944
1299637
1299782
1299785
1299922
1299926
1299928
1300186
1300478
1300485
1300486
1300488
1300701
1300779
1300786
1300806
1302966
1303098
1304475
1304974
1305661
1306059
1306063
1306100
1306111
1306284
1306286
1307298
1307404
1307580
1307619
1307765
1309250
1309741
1309942
1309980
1310069
1310164
1310249
1310463
1310469
1310520
1310549
1310566
1310567
1310572
1310594
1311085
1311089
1311141
1311146
1311214
1311225
1311280
1311292
1311396
1311504
1311521
1311524
1311526
1311533
1311539
1311545
1311566
1311567
1311600
1311625
1311670
1311677
1311744
1312358
1312397
1313234
1313966
1314227
1314255
1314330
1314351
1314370
1314371
1314384
1314413
1314612
1316581
1318915
1350209
1350211
1356552
1356715
1357536
1360721
1362689
1362698
1362737
1362889
1363043
1363268
1363721
1364105
1364289
1364290
1364347
1364397
1364429
1364430
1364468
1364479
1364504
1364528
1365970
1366567
1366858
1367159
1367176
1367187
1367292
1367839
1368001
1368153
1368173
1368207
1368371
1368451
1368469
1368476
1368624
1368647
1368708
1369713
1370418
1370424
1370460
1370600
1370605
1370774
1370971
1371041
1371906
1372539
1373350
1373391
1373458
1373478
1374802
1374845
1376149
1376155
1420982
1421444
1421648
1424174
1424884
1424911
1425099
1425419
1425919
1425932
1426164
1426165
1426166
1426447
1426482
1426598
1426680
1426682
1426853
1426872
1426874
1426887
1426889
1427034
1427058
1427059
1427088
1427179
1427222
1427223
1427224
1428835
1430438
1431726
1431738
1432293
1433212
1433693
1433764
1433868
1437503
1437806
1439816
1440046
1440051
1440264
1440270
1440856
1441386
1441546
1441649
1441689
1442132
1442981
1450910
1455099
1468845
1482501
1482502
1482680
1482790
1482913
1483262
1483263
1484283
1484499
1484911
1485787
1487514
1488293
1488368
1488564
1489913
1490468
1490795
1491625
1492300
1492727
1492940
1494066
1516803
1534763
1535217
1535218
1535252
1535457
1535922
1535944
1536458
1537034
1537798
1537799
1538097
1539239
1540824
1540825
1543543
1544460
1544577
1545063
1545653
1545975
1545976
1545982
1545984
1545986
1545987
1545988
1545989
1545992
1545996
1545999
1546000
1546004
1546005
1546007
1546009
1546014
1546015
1546017
1546019
1546020
1546021
1546022
1546024
1546025
1546027
1546028
1546029
1546030
1546031
1546059
1546162
1546168
1546196
1546207
1546223
1546264
1546265
1546271
1546279
1546356
1546357
1546358
1546359
1546373
1546375
1546376
1546377
1546379
1546380
1546386
1546387
1546393
1546394
1546399
1546400
1546406
1546408
1546410
1546413
1546414
1546415
1546421
1546422
1546425
1546428
1546432
1546433
1546436
1546437
1546438
1546441
1546444
1546447
1546451
1546453
1546455
1546457
1547099
1547220
1547545
1547611
1549114
1549332
1549540
1551291
1551777
1552337
1591922
1592254
1592257
1592737
1592899
1593147
1594675
1596450
1597258
1597371
1597373
1597381
1597582
1597609
1597876
1598096
1598641
1599538
1599788
1599831
1599832
1601374
1603296
1603350
1603834
1605064
1606218
1606274
1607975
1607976
1608322
1649480
1652071
1652103
1653781
1655922
1656052
1656328
1657226
1657331
1658314
1659152
1659191
1661561
1665496
1665509
1665684
1666106
1667640
1667655
1670007
1670304
1670383
1673265
1716191
1716203
1716278
1716523
1720259
1720597
1720882
1721264
1721560
1721603
1721947
1722335
1722365
1723735
1723738
1724424
1726104
1726988
1727455
1727573
1727875
1729002
1731031
1731071
1733681
1734628
1734630
1737557
1739745
1740938
1741397
1743992
1745099
1745257
1746889
1746906
1747556
1789837
1790539
1791685
1792776
1798288
1799206
1802483
1803717
1807125
1812935
1855048
1855064
1855078
1855735
1862579
1862951
1871173
1872251
1872382
1872441
1872905
1873752
1873916
1875534
1876366
1876376
1876597
1876905
1918219
1918231
1919083
1919503
1921069
1921217
1922448
1922738
1922741
1922745
1923319
1926480
1927283
1927663
1927851
1928588
1939323
1940332
1940635
1940636
1940643
1942950
1943799
1945077
1945213
1946825
1986366
1986438
1986808
1986820
1987398
1988390
1988648
1989100
1989289
1989794
1989795
1990855
1991302
1992672
1994739
1997443
1999003
1999335
1999382
1999420
1999574
1999660
2001352
2001758
2001986
2043283
2043313
2043854
2043855
2044417
2044896
2045114
2045371
2045613
2045614
2045726
2046138
2046360
2046361
2047232
2047589
2047628
2048018
2049106
2049122
2049549
2049846
2049873
2053436
2053449
2054023
2054068
2054077
2054252
2054968
2054984
2055104
2055640
2055641
2055654
2055655
2055755
2055906
2055977
2056691
2057198
2058509
2058825
2058826
2058846
2058848
2058849
2058868
2059018
2059218
2059219
2059269
2099289
2099295
2099305
2099704
2099995
2102692
2102775
2103164
2103476
2103477
2103478
2103479
2103480
2104603
2104604
2105628
2105806
2105824
2105845
2106338
2107051
2107301
2107310
2107316
2109054
2109055
2110604
2110605
2118525
2119172
2119365
2121085
2121416
2121417
2121751
2121777
2123125
2123126
2123180
2166040
2166132
2167673
2168435
2169285
2170225
2170226
2174090
2174091
2174802
2176312
2178390
2179843
2180325
2181306
2183102
2184137
2196092
2197490
2197842
2197862
2197878
2198359
2198944
2198975
2199015
2199391
2199577
2199674
2204915
2204916
2256930
2256951
2260702
2261783
2262435
2264108
2265678
2265690
2265712
2266523
2267207
2267574
2267582
2267703
2268216
2268306
2268500
2272107
2272403
2273510
2274378
2274394
2274802
2274803
2275602
2277607
2280730
2282018
2282019
2282307
2282403
2282660
2284718
2286239
2286252
2288236
2289225
2289380
2289408
2359268
2360232
2360530
2361285
2362165
2362167
2367409
2368126
2368733
2369389
2370147
2372221
2373950
2373951
2374729
2375132
2375829
2376838
2376944
2378841
2380373
2382595
2383941
2384449
2386863
2387211
2387277
2387302
2387334
2387833
2387834
2390935
2391541
2391551
2392230
2394936
2396442
2461338
2461339
2461340
2461434
2462511
2463114
2464823
2465242
2465249
2467143
2467540
2467553
2468435
2469333
2470232
2471078
2472151
2472152
2472254
2472325
2472778
2473230
2473850
2473851
2474039
2474235
2475077
2475166
2475532
2475830
2475861
2475956
2476008
2477103
2478439
2479136
2479690
2479830
2531274
2531288
2532300
2534233
2534464
2535233
2536430
2539031
2539932
2539967
2539968
2540964
2540965
2549198
2549199
2550714
2550729
2550731
2556616
2557217
2557218
2557372
2557373
2557394
2559612
2560213
2561249
2562176
2562811
2563966
2563969
2564025
2564146
2565265
2565276
2567226
2569562
2569592
2570736
2571074
2571093
2571094
2571813
2571853
2572100
2583637
2583725
2584304
2586016
2586068
2586857
2587059
2587060
2587300
2587306
2587717
2587789
2587892
2588846
2589225
2590743
2591404
2591476
2591497
2592360
2594468
2595243
2598119
2599518
2600867
2601502
2601723
2602577
2604577
2604689
2607025
2607735
2610243
2610349
2610417
2612087
2612153
2612526
2612527
2613950
2619155
2619313
2621019
2621548
2621549
2621880
2621881
2623641
2624741
2625122
2625651
2625882
2626143
2626349
2626459
2626460
2626470
2626471
2628190
2632248
2638675
2640402
2641610
2641642
2641823
2642274
2643048
2644503
2663954
2668041
